N = 100
navg = 10000
seed = 111111161
nbin = 150
m = 0.0020000000
Dr = 20.0000000000
B = 0.5000000000
B0 = -1.5000000000
Btype = linearR
v0 = 20.0000000000
w0 = 1.0000000000
L = 10.0000000000
wallType = doughnut
Ri = 3.0000000000
Ro = 5.0000000000
sigma = 1.0000000000
epsilon = 1.0000000000
rco = 1.1224620483
dt = 0.0000050000
tsamp = 0.0050000000
teq = .01000000000
nprint = 1
